-1.04606621610601 1.30637478497646 -0.51830916504566 0.37716317770958 -0.02006607387787 0.27035321894588 -1.06360231533495 0.07611801418046
-1.41986048564524 -0.06803117361587 -0.20331046937878 -0.75478917211126 0.53188682893077 0.30198094464824 -0.18042370833187 -0.41633788635775
0.53512734727423 -0.24112335111301 -0.65264285089442 -1.55784045445724 0.18191857044758 -0.15371654940446 0.19261777162267 0.05634528094037
0.33650927546916 0.24774443555835 -2.21448565500379 1.02319691854618 -0.85696530132843 -0.48978355309569 0.17513969395115 -0.07163664290908
1.00499476858216 0.65256214648024 -1.34146445580590 1.01559065580187 -0.78841875544880 0.06917091208836 0.10614067578963 0.11579135010584
-0.11586628163019 -0.25838288048558 -1.28664416515111 -1.34914846415405 -1.68072118038480 -0.11990901870318 0.24507274065109 0.41148173108561
-0.13596366029765 1.11937374668387 -1.60407261102712 -0.93775456512603 0.43576839645649 0.26802385542160 -0.01317323187541 -0.17813108575160
0.15997703649923 -0.27972040746652 -0.75980511003675 0.71409970740967 0.15884883502844 0.18198389021413 -0.21162722384166 -0.35067163449294
0.45543172844846 0.71591832368554 -1.73160234712367 -0.30792366986076 0.88273994251591 -0.27363764959550 -0.10956524529550 -0.61154488102496
-1.23023932979857 0.34469248378722 -1.22405020991606 1.24119210826719 -0.85239437762758 -0.09828890506677 -0.37457986985509 0.11806760120034
0.08284066452390 0.96995340504233 -0.14326724637406 -0.07583996354042 0.04299383555653 0.03596781672672 -0.05224776123417 -0.51542610950125
-1.26327562397958 0.56023466785079 -1.00814919821595 -0.93841649146658 -1.66394142951064 0.56268476081605 -0.11791225099343 0.31010340037464
-1.05759835761323 -0.46207080269410 -0.94304769333233 0.76093740639425 0.29627544174255 -0.15948119589033 0.07353627199573 -0.68216426990719
-0.18034629712463 -1.39519176309043 -1.58026441929678 0.37453765174573 -0.22965332459088 -0.40698465343675 -0.12165933459969 -0.17691907364451
-1.27381817805178 0.87538504766331 -0.69700063990676 -0.59938438654895 0.13378684244525 0.24749227189205 -0.21996632615422 -0.18044948640778
-1.45846371186634 -0.01807588524588 -1.41171615425799 -0.30031495521353 1.39682137462664 -0.56246553501130 -0.13518835422724 -0.21079861850872
-2.26656958320459 -0.37048961207068 -1.16080498973840 -0.21827539634589 -1.30141661877333 0.14790098101378 -0.02147179050194 -0.18088406121420
-0.26243378514611 0.97916731112322 -2.04930451387304 0.01412519685784 -0.00593236005542 0.05499734192339 -0.11998074089646 0.00579805673491
-1.04349493044528 0.03212560345911 -1.80124955952179 -1.17760963664183 -2.35863087614079 0.25409005974746 0.03262753181239 0.67681348821384
0.23652328385091 1.20314493314021 -0.19782208839269 1.55143914667761 0.13694057748817 -0.25081114362782 -0.47734909222762 0.04289920790473
2.86152462254630 -3.50094964147369 -1.36659615573463 -1.18592948616329 1.05414806501550 -0.09014115290775 -0.38185463829168 0.14168743331088
2.60637385639407 1.15732381429048 -1.18179383836777 0.75728566395930 0.74302669331550 0.12350109659739 0.32676138141391 -0.16007837000405
0.36342770915836 -0.87048536448669 -1.39793270141308 -0.99825236482681 -1.21090316063116 -0.22080484776329 -0.20947683462275 0.21753896775504
1.74367071821066 0.53353088983249 -1.34581825078466 -0.63759653413406 -0.25948670947458 -0.19999752253979 0.51084448996433 0.21678694927843
-0.11653270932874 -0.97299683993390 -1.53674938370499 -0.60568917137360 0.68639790963990 -0.38808964522501 0.27295597484926 -0.34208928722625
1.66361594982216 -0.27610511432826 -2.02112337928813 0.68998372869649 0.66539856636093 -0.83292961055591 0.15401475708047 -0.35304068148159
1.57373494735375 0.79886613495343 -1.24152370681879 0.22796879767303 0.22655214994860 0.20610087579830 -0.17403050828235 -0.23255933612866
4.34300460005009 -5.96900237653592 -1.88760148804248 0.39534479348655 0.23162827162719 1.20680427411591 -2.36503689189540 0.17988218014709
-0.78714105562813 1.03128920685801 -1.10515223534182 -0.37365643298558 -0.35581940406964 0.46920081309164 0.02488817717583 0.05299305825268
0.02383845876142 0.93737643750676 -1.79702098138147 -0.49552076558318 -0.66315294808242 0.47023538613618 -0.12836971020779 0.18556961853147
-2.43740654149499 -0.10345310409773 -0.40752678327889 -0.82085050571458 0.45522380313844 0.49633350591130 -0.22889748668087 -0.39616602466077
-1.58275423143732 1.12854831810682 -0.34983319954354 0.10565783453156 0.67280372241931 0.07067790362046 -0.11285749365825 0.28094854268125
-2.06988945162730 0.47964894508592 -0.53829270108888 -0.61964611540261 -0.44387148605050 0.54591709882562 -0.10205278607309 -0.20772301400620
-1.54098055914935 1.19612986425731 0.04796995533497 -0.85342911037329 0.94786459940776 0.43998857225753 -0.01604868689903 0.12089834831871
-0.65691169879888 1.61324573329723 0.31741389078868 0.31121325090865 0.82098633865527 -0.32658290507252 -0.72805248659719 0.10072273981049
1.51172724500689 3.46020425537247 1.45774464612825 -0.13255185355654 0.47175295456868 0.34217041001538 -0.34004027816562 0.54856971306539
-3.40571050336144 -0.35637339832150 0.06244305692724 -0.85224095301446 0.57990702620502 0.61190511338520 0.43831073577425 -0.04398232990171
0.65496754452830 -0.06002538113677 -0.99627585240981 0.06325054330231 0.12685230954459 -0.56139814623736 -0.19168680986408 -0.05937126425014
-0.77830980354135 -1.33956559221373 -1.60707315876881 0.31717508247159 -0.55802127571216 -0.40658011824619 -0.16227150862809 0.18682365796324
0.38130512827029 0.74846259451511 -2.63591897985527 0.86024638966226 0.02137637554569 -0.58200176656430 0.33085024736779 -0.28881765313283
-2.28382463973249 -0.35379437412707 -0.80552178154580 -1.73703290334052 -0.37640285622061 0.36738562369246 -0.19092869542278 0.19439620588185
0.72546907037787 -0.59389325665942 -1.91182166265712 0.14528878022474 -0.12585288816795 -0.59199560880959 0.61763313421463 0.12543019661813
1.32312633690093 -0.80408593331967 -1.52024911665573 0.14509799379701 -0.88966564775485 -0.28302730217258 0.03533658084654 0.29149007100046
-1.14285191125638 1.44592356667852 0.28210788130283 0.30587216802527 0.95562637561535 0.14557391247938 -0.56148301781978 -0.07000744894130
1.42190524901316 3.45474738509920 0.40447221601779 0.26148933429860 -0.48860110832397 1.74120192334382 0.00200534719474 0.55598744994550
-1.79644297557752 0.81384951880141 -0.11777072992097 0.23356619604926 -0.50814841277740 0.68781921394361 0.02882299283445 -0.58252723275986
4.54562865423262 -0.61389822069089 -0.99019340246514 0.53074889827656 0.10990285805291 0.21769709696157 0.44234661658704 0.18037387640009
4.04672080974158 2.98369509167978 -0.09831616476045 0.02536425496251 1.10122930315125 1.99878727504483 0.58977515842886 -0.08304148959562
-0.49061537081162 1.38833547305700 0.00901831218371 1.21057927885997 0.23662390866956 0.77454869466713 -0.27067071338324 -0.03258716015475
1.51370843630757 2.10022829501380 -0.40174750458040 1.09479038930948 -0.03332030799032 0.30503991470996 -0.29700014762001 -0.06047324022705
-1.98553775889477 0.95276919637948 0.81341541264280 0.11325090775711 0.15500490809590 0.30392076823757 -0.05289471771270 -0.57391273825735
0.25878123961110 -0.13972374055395 0.48149190843333 0.15576494004353 0.10902993117587 0.37515997753566 -0.27765521536615 -0.35906224729961
5.35404613020977 0.45658601959069 -0.68881006849843 1.15243425879433 0.28604391877164 0.84001350703050 1.16350664050105 -0.02798524278536
0.18960295956144 -0.48388329273251 -2.37063177250579 0.46645210373425 -0.46245798458246 -0.84290666465477 0.27314065447180 0.03682482318292
-0.20241056605894 -1.04670927950243 -0.56107454424733 -1.09406259679812 -0.78714833315497 -0.08367172638769 -0.14462988478947 0.16993642970067
-0.28933742296506 1.86006915028240 -0.42146963889344 0.58247278638925 0.02687310906535 0.48359955481113 -0.22247463684977 -0.25369077663465
1.12667056932815 2.07997559880237 -0.94174356650195 0.53381696878254 1.11385767992891 -0.21559606585525 0.16769460940514 -0.84011346764280
0.68975613290435 -0.30359258695527 2.76313037290643 -1.46015213607677 0.12282090003073 -0.42118287817177 -0.52591937465136 0.14449724338636
1.35397239552277 -0.32810283014464 1.08791714379206 -1.10229003266282 0.49936389136757 -0.51925429277521 -0.07992768974517 -0.03542648226581
5.52744851382189 -1.43986325859425 1.32189933309013 1.43408137405627 -1.06020387140005 0.10596391402881 1.13879765998876 0.35522736976847
-0.55842499453435 0.87380653771513 1.43955654535675 0.49022777946254 -0.15783196167527 -0.37603328847659 -0.19393511960850 0.20520322045681
1.57600924996873 0.03698722441076 -0.54030848949372 -1.15870016757940 -0.45475692287458 -0.48553847919835 0.10836029766305 0.80852952101981
-0.72970625203611 1.15247004495981 1.77402985408041 -0.64278732656623 -1.13654126361050 -0.16921032796660 0.20111050085675 -1.33585114586944
-2.13040216759230 -1.49137340215262 0.66043228871448 0.80916077239141 0.08234392214511 0.04928595123657 0.17213397753254 0.27035352542389
-2.84392080787232 -2.39487903508584 0.68661072499604 1.17629629323049 0.16129968801149 0.16388646775105 0.27066598032987 0.54852279765219
0.57950197143849 -2.17331443256354 2.05268962838156 -1.39452705481777 0.23889827693103 0.02451024591432 -0.08157736750995 -0.06335494170112
3.98794324495848 -4.59971684967048 1.81280639868170 0.85342524005031 0.26387587006096 0.50698377836628 -0.44780397518934 -0.53556799037105
-3.72268902766038 -0.26383369894355 0.99017075409697 1.44199144509926 -0.04121737657689 0.10474141032672 0.18639634077975 0.25222422629660
-3.31200166560644 -0.78639925319950 0.23282328536645 -0.05378203292319 0.38313671586498 0.19551227086727 0.38242738135327 0.20657279648447
-3.65014743757459 -0.80641468925297 0.72255537823717 1.53158628393173 0.00227224266644 0.12362383579941 -0.08389880732875 0.55813680191703
0.95851492782913 -0.43785234575966 0.03715757815182 0.35056660560915 0.02073764816023 -0.46817785908815 -0.05132802234307 0.32152959298957
2.35009423509355 1.10243009093505 0.96681709911495 1.13781057483606 0.49519816544758 -0.88758797150495 -0.24997003862573 0.04189621265473
-1.82731899285063 0.12806573042356 0.98191231402145 -0.19223585833259 -0.37377590023588 -0.02152189746055 -0.34005135491516 0.15825460769942
0.76281503774277 1.24568571735602 2.26031137608982 -0.33624436989182 -0.18511762007510 -0.58937355826778 -0.16962155705641 0.02218045962031
-2.46415503408583 -0.27261500447781 0.34190176793506 -1.14856947759918 -0.03452582836169 0.37467193601438 0.27009509603858 0.14209801356533
-0.54805386918485 0.82210946809986 -0.54039539453126 -0.30530212137235 0.55414854550825 -0.35902467160038 0.29866381174293 -0.31388910419057
0.97028087162828 -0.89119042767830 2.07279952632308 -0.96830253443080 -1.32458001976078 -0.19802065277486 0.11337782006484 -0.51671038043465
-1.82937044397641 -1.00655340292622 1.24595934944356 0.69112075721443 -1.74863893821995 0.00730064516642 -0.20970232510085 -0.69826737896015
-1.78987174777223 0.01481143992160 1.58355398070756 -0.29681188931634 0.03399000657826 0.01568542840792 -0.21222031584816 -0.15867657884601
-1.83044923876010 -0.55677696890749 -0.27582081030462 -0.79568135308081 0.51102667258802 0.01241685317124 0.45337712716253 0.01623614025553
-2.87572628701000 -1.29815472648639 0.40874031834785 0.53091141156704 0.69125799268472 -0.25225040417547 0.35129910460329 0.30517225183439
-2.89157852860595 -1.60070325571810 0.54416102599705 -0.32600484631578 1.16979053538452 0.23725930751873 0.45965394661585 0.04498575739271
1.38460779036372 -0.76493892467492 1.25621565288772 -1.45115298712577 1.03839146305221 0.05129675127436 -0.24192252776739 0.42017857067840
-1.85014642488385 -0.22805431134413 0.13534654702738 -1.11135456022472 -0.58221001533288 0.18693284759120 0.23003114232619 0.23686716123310
-0.65397783045076 0.42399034107404 1.21804484508437 -0.49226709818123 -0.75090893167742 -0.19940204561300 -0.09174716655047 -0.54870079118669
1.40701376768363 -2.31360045102817 1.96925564302220 0.56268746000289 -0.54651506514079 0.46687841110459 0.19690814320386 -0.22237609409096
-3.98465610131516 -1.06632280887605 0.34820180467016 1.09825258219943 0.76120520259068 -0.04692319286086 0.55250798588288 0.94856763794573
2.31523208731479 -3.43021230651882 0.11950816537252 0.17553692020746 0.85503666565548 0.63757468905076 0.50692021932213 -0.19141098454448
-0.03229409028602 -0.00442828275721 1.12588185191308 -0.49143893103544 -0.15912549884449 -0.01491355810942 -0.03275776310175 -0.10930199064127
-3.84949632230653 -0.77944764467906 0.42925408804529 0.29845448230483 0.98034424148209 0.12639721210298 0.63168926781931 0.43733513104443
-2.52926962419708 -0.81076412924875 0.72669821028849 1.31814984751479 0.15147758855039 -0.13289351287592 0.39674947615393 -0.03663079942716
0.82715215593829 -2.80177088228784 1.85741134000302 -1.30853394911885 -0.61125522516297 -0.11197599843765 0.33616623689609 -1.11355791435234
-1.83356451857952 -4.37113368163328 0.75172580347994 1.32725035261678 0.59521087987955 -0.01687923299335 0.18693011685068 0.61303650716483
0.72809089447487 0.53591350175309 1.89338981216516 1.06095941535868 -1.48109487746695 -0.26520788273276 -0.40150445954210 -0.21677243288808
-0.08726997246602 -0.74951369804381 -0.65545279072288 -0.50923746478668 0.97729938429903 -0.42685009842690 0.25731315471798 -0.18814175462768
-2.26662786658242 -0.04304274237745 1.18875491358957 0.97421481707416 -0.52351645230029 -0.07881809964239 -0.13274932566957 0.23546833161049
-2.09272178828331 0.39784905756450 0.43460714270115 0.49330008363621 0.39023855770995 0.04241752316171 0.28202955299322 -0.02921430240702
0.21232106002209 0.53454922941049 0.91297647813371 0.80425431305227 -0.43979363399438 -0.13080955785904 0.01449484046993 0.24464389461128
2.77424815170146 0.25921283420526 0.34336226052511 -0.92832192018318 0.69482693050807 -0.36116524077042 -0.05486236199755 -0.08670393175646
0.98519696343155 1.06139649388017 0.76515073721264 1.68893387607700 0.40636739403067 -0.92657066603302 -0.46959581774419 -0.72100030961079
3.82777562410407 0.24863779039970 1.05323496719836 -0.96339284142157 1.07162560855103 -0.48994685893441 0.06782313210061 0.88295236210713
1.25559714482770 1.13338739067243 1.06513710149936 0.38307420623838 -0.33270112309833 -0.49546542267603 0.14441273974189 0.34930487078003
5.12860813464617 -0.28865108654478 0.74752640004703 -0.08211545076304 -0.88244329694455 -0.18128804237721 0.40936375860884 0.25731873528102
-0.55040510408223 0.55353421992527 0.47802780423192 -0.00693254275964 -0.02678694588412 -0.26280631155661 0.12188157045371 -0.35675676785682
0.38385514452841 1.44761935738046 1.10319529168725 -0.37487356027056 -1.57033323819598 -0.24235418592211 0.25928273289648 -0.11462024710299
-0.80151315409279 0.30876289253391 0.39186406660326 -0.48626124745903 0.44733469363550 -0.00765283193420 0.08415883309388 -0.43578871256990
2.59510468385522 2.82151068842672 2.89818730066155 -0.63926897311574 0.28991439353668 -0.16353783868599 -0.15924127881539 0.53621660126367
0.26284460432719 -0.12521269981899 -0.00148812911941 -0.67718565672122 -0.12052763296869 -0.20001398453710 0.11015755554903 -0.01365045665862
2.83259027100148 1.74245713627498 0.23634763555210 -1.00577671472717 0.64584381664081 -0.72228064976293 -0.35766122316890 0.60058933943414
-3.08774201909862 -0.18116369950853 0.33250088862236 0.58551693866678 0.57933678614343 0.06136176187754 0.10098095999254 -0.06891480215103
0.66763590196942 1.60439951945065 0.80554947817083 2.14044615026209 -0.61048115709652 -0.46530107342410 -0.81372621306030 0.58242078081686
4.26061086961117 -0.92545150519812 1.22397614737481 0.41753488428772 -0.21015774929694 0.44191323108044 0.71315706412448 -0.22472401101422
-1.38006348677217 0.74147832353007 0.91042230329898 -0.39864651163158 0.33671752960310 -0.24951624660615 -0.29970976863849 0.20684242838366
0.67514226834827 1.29452839973792 0.20229390085923 -1.80123462112975 0.83860973447145 -0.47429293640679 -0.13474546368457 0.32456177697843
